X Y Z
0.06215942 0.98789161 0.00000000
-0.18761048 0.97522253 0.00000000
-0.40330195 0.83018672 0.00000000
0.66018957 0.60469979 0.00000000
1.01185310 0.27954888 0.00000000
0.57910430 0.81609887 0.00000000
0.60851967 0.67843831 0.00000000
-0.55768579 0.81328875 0.00000000
-0.69718730 0.63918650 0.00000000
0.86103451 0.25800845 0.00000000
0.78928596 0.55364096 0.00000000
0.53083426 0.76996762 0.00000000
1.01948285 0.20917761 0.00000000
0.44504321 0.91697311 0.00000000
-0.88091713 0.34350958 0.00000000
0.57985872 0.69810086 0.00000000
-0.49783209 0.93155712 0.00000000
-0.92593551 0.30184492 0.00000000
0.93690205 0.36503106 0.00000000
-0.18288368 0.96750951 0.00000000
0.66646498 0.88348627 0.00000000
-0.88685763 0.18734217 0.00000000
0.01342599 0.98720932 0.00000000
-0.90451103 0.42934692 0.00000000
-0.58885247 0.82436383 0.00000000
0.95743704 0.19807740 0.00000000
-0.70318913 0.67501348 0.00000000
-0.02115157 1.08477426 0.00000000
-0.69863653 0.74974149 0.00000000
-0.30154407 0.89820981 0.00000000
-0.84489548 0.62697709 0.00000000
-0.73448873 0.65100121 0.00000000
-0.34903207 1.04252791 0.00000000
1.08648908 0.40568295 0.00000000
0.94380355 0.36855325 0.00000000
-0.59861684 0.88692957 0.00000000
0.62667555 0.83804315 0.00000000
0.78982097 0.47367781 0.00000000
-0.18521480 0.95221680 0.00000000
0.78451753 0.72384650 0.00000000
0.33205992 1.04941046 0.00000000
-1.07387269 -0.10337939 0.00000000
0.97724658 0.37912199 0.00000000
0.48358524 0.94199568 0.00000000
-0.07838926 1.20898807 0.00000000
0.73121107 0.64413512 0.00000000
0.96322048 0.18430752 0.00000000
-1.15119457 0.10795085 0.00000000
0.29161805 1.03647423 0.00000000
1.05998325 0.14591549 0.00000000
-0.22621973 0.92100435 0.00000000
-0.51345396 0.87458420 0.00000000
1.14979506 -0.00664017 0.00000000
-0.95300168 -0.07569516 0.00000000
-0.78409094 0.66897613 0.00000000
1.05739617 -0.07269810 0.00000000
0.57880670 0.83600777 0.00000000
0.94581527 0.24711914 0.00000000
0.86586344 0.47803611 0.00000000
-0.78582013 0.83375490 0.00000000
-0.83605719 0.54592508 0.00000000
0.91901886 0.56795162 0.00000000
0.46448743 0.80983508 0.00000000
-0.96337712 0.28974414 0.00000000
-0.47693416 0.89705265 0.00000000
-0.57897878 0.69711649 0.00000000
-0.97512710 0.00122967 0.00000000
-1.06351256 0.13128798 0.00000000
-0.49951825 0.90247875 0.00000000
0.33018857 0.89127082 0.00000000
-0.72546113 0.83767086 0.00000000
-0.95730215 0.45901024 0.00000000
-0.22280602 0.85118020 0.00000000
-0.33200699 0.91431934 0.00000000
0.20619455 0.73664397 0.00000000
0.92476165 0.11616775 0.00000000
0.86941534 0.11574715 0.00000000
0.15014105 0.86977273 0.00000000
-0.85525346 0.48901221 0.00000000
-0.90054590 0.55596554 0.00000000
0.11954700 1.02181447 0.00000000
0.92417806 0.19321337 0.00000000
0.28953156 0.92876220 0.00000000
0.17940105 0.99306816 0.00000000
0.82163215 -0.04981206 0.00000000
0.94646132 0.59385353 0.00000000
1.03002882 0.34041718 0.00000000
-0.57274812 0.71117091 0.00000000
0.55838722 0.71304697 0.00000000
-0.44853559 0.87577605 0.00000000
-0.71124607 0.34840730 0.00000000
-0.96544409 0.08665580 0.00000000
0.16691324 0.91670549 0.00000000
-0.18788885 1.05226851 0.00000000
-0.27382585 0.91570365 0.00000000
-0.92843962 0.43406174 0.00000000
-0.47582591 0.82148874 0.00000000
-0.51611382 0.77914387 0.00000000
0.62662631 0.75967836 0.00000000
0.37530494 0.89713663 0.00000000
-0.62720996 0.80626953 0.00000000
0.56485856 0.95225292 0.00000000
-0.06062439 1.01150322 0.00000000
0.07444833 0.98190272 0.00000000
-0.12228266 0.99081200 0.00000000
1.02575529 0.40949258 0.00000000
0.24796899 0.91759443 0.00000000
-0.24927935 0.92648208 0.00000000
0.76328278 0.59903151 0.00000000
0.94616312 0.56651288 0.00000000
-0.34903920 0.93225276 0.00000000
0.86476153 0.52345866 0.00000000
-0.92195070 0.05537628 0.00000000
0.79826051 0.70289820 0.00000000
0.83173770 0.62404788 0.00000000
-0.60698545 0.70331562 0.00000000
-0.94086254 0.42124724 0.00000000
-0.13916482 0.98596835 0.00000000
0.76622331 0.54999113 0.00000000
-0.75548667 0.51484460 0.00000000
-0.31440377 0.93615091 0.00000000
0.50519067 0.85433733 0.00000000
0.16571306 1.04801702 0.00000000
1.10909092 0.09701749 0.00000000
0.06168763 1.04868257 0.00000000
-1.09538698 0.02511319 0.00000000
-0.61898512 0.79299092 0.00000000
0.00443361 0.94900912 0.00000000
-0.24144804 0.93679500 0.00000000
0.64293182 0.93050724 0.00000000
0.09047024 0.87642241 0.00000000
0.85570091 0.03554144 0.00000000
-0.76857090 0.55024141 0.00000000
-0.44374600 0.95450497 0.00000000
0.22379252 1.00858843 0.00000000
0.41191271 0.95171386 0.00000000
-0.15833797 1.01923037 0.00000000
-0.94095010 0.17692067 0.00000000
0.99445707 0.25619712 0.00000000
-0.69865268 0.69630057 0.00000000
0.81693578 0.52050787 0.00000000
0.52814013 0.82520580 0.00000000
-0.86108434 0.12110844 0.00000000
-0.96843928 0.41002375 0.00000000
-1.02500117 0.49091259 0.00000000
-0.97624218 0.39494964 0.00000000
-0.89326149 0.40426382 0.00000000
0.11131525 0.96994811 0.00000000
-0.99864745 0.09993926 0.00000000
0.54629630 0.96200579 0.00000000
-0.70913768 0.52486920 0.00000000
0.91213167 0.18086004 0.00000000
0.76946157 0.70837492 0.00000000
-0.87912172 0.33610040 0.00000000
-0.05269051 1.04690528 0.00000000
0.67550260 0.57502359 0.00000000
-0.41336504 0.96520084 0.00000000
-0.75167507 0.69500238 0.00000000
-0.49394417 0.83983159 0.00000000
-0.13601284 0.93301606 0.00000000
0.89719766 0.41867200 0.00000000
1.09910476 -0.06184914 0.00000000
0.52529007 1.09138227 0.00000000
0.51687741 0.91598880 0.00000000
0.94827312 0.25883037 0.00000000
0.99059093 0.31058553 0.00000000
0.72535717 0.69378549 0.00000000
-0.80420893 0.40220028 0.00000000
0.88293052 0.45659238 0.00000000
-0.68286085 0.62195790 0.00000000
-0.95199752 0.09702805 0.00000000
-1.04532838 0.20264752 0.00000000
-0.61451888 0.78349835 0.00000000
0.33693647 1.03894770 0.00000000
0.44649860 0.90854239 0.00000000
-0.46077618 0.79849738 0.00000000
0.43745923 0.86764771 0.00000000
-0.68791860 0.68844372 0.00000000
-0.98152488 0.07344784 0.00000000
-0.72370833 0.79149061 0.00000000
0.13855931 0.94018388 0.00000000
-0.04802995 1.08714998 0.00000000
-0.43355554 0.87163162 0.00000000
-0.74095219 0.69759923 0.00000000
-0.89634269 0.41571006 0.00000000
0.02029200 1.02992225 0.00000000
0.30452546 1.03737032 0.00000000
-0.95645595 0.38751921 0.00000000
0.31845230 1.08187282 0.00000000
0.64989185 0.63407552 0.00000000
-0.54908365 0.97065109 0.00000000
-0.01062604 1.03026450 0.00000000
-0.34058830 1.07113767 0.00000000
0.73969477 0.74068093 0.00000000
-0.81595290 0.72209686 0.00000000
0.30647621 0.94896346 0.00000000
0.70440036 0.58411115 0.00000000
-0.15954055 0.96163368 0.00000000
0.03282954 0.92450488 0.00000000
0.96438760 0.08583920 0.00000000
-0.92993909 0.31926301 0.00000000
0.37814513 0.92791045 0.00000000
-0.51241928 0.94096887 0.00000000
-0.92811280 0.28828204 0.00000000
0.81741410 0.43795112 0.00000000
0.01417536 0.94030464 0.00000000
0.83388650 0.13098155 0.00000000
-0.63317657 0.79971141 0.00000000
-1.04685783 0.10173497 0.00000000
-0.58005959 0.62405521 0.00000000
0.68379956 0.49208128 0.00000000
0.81182373 0.46742705 0.00000000
0.95712763 0.37440977 0.00000000
0.38013512 1.00820684 0.00000000
0.70044494 0.75050408 0.00000000
1.07130301 0.22775806 0.00000000
-0.97765672 0.25168189 0.00000000
-0.30829963 0.87764025 0.00000000
-0.74970078 0.65052295 0.00000000
-0.76971263 0.46827042 0.00000000
0.80111384 0.53809702 0.00000000
-0.69430161 0.70325613 0.00000000
0.07919606 0.99446273 0.00000000
0.98963171 -0.01430307 0.00000000
0.85161358 0.55975324 0.00000000
0.95990819 0.26708969 0.00000000
0.71338195 0.90767801 0.00000000
-0.68288779 0.70012349 0.00000000
-0.62912375 0.71694094 0.00000000
-0.96565521 0.22892562 0.00000000
0.80938584 0.43351069 0.00000000
0.83955014 0.50639027 0.00000000
-0.35491735 0.86162764 0.00000000
-0.89193666 0.41901934 0.00000000
0.68695855 0.56473553 0.00000000
-1.00531459 0.52702361 0.00000000
0.39498138 0.81297773 0.00000000
-0.12254722 1.16675842 0.00000000
0.07622240 1.06422222 0.00000000
-0.48013362 0.75095111 0.00000000
0.35253060 0.81526142 0.00000000
0.00065597 1.07270968 0.00000000
0.06915065 1.01008320 0.00000000
-0.71407658 0.61967337 0.00000000
0.41582873 0.97837520 0.00000000
0.52376401 0.81881583 0.00000000
0.57482088 0.85821491 0.00000000
1.04269004 0.14063530 0.00000000
0.99421751 0.04691217 0.00000000
-0.97420597 0.28424096 0.00000000
0.66276222 0.76506221 0.00000000
1.08555198 0.02606643 0.00000000
0.99444950 0.16184770 0.00000000
-1.09815764 -0.00765069 0.00000000
0.76592219 0.47855574 0.00000000
0.69897491 0.86540067 0.00000000
-0.25177628 0.98707366 0.00000000
-0.42829156 0.83750266 0.00000000
-0.68719262 0.65050966 0.00000000
0.97444195 0.32576203 0.00000000
0.50489932 0.74209440 0.00000000
-0.67979461 0.35354418 0.00000000
0.89615649 0.19137850 0.00000000
0.76057208 0.72761673 0.00000000
0.85040748 0.32684991 0.00000000
-1.02174830 0.14514060 0.00000000
0.82909477 0.55114633 0.00000000
-1.03012800 0.09510625 0.00000000
0.53650004 0.65995520 0.00000000
-0.09110876 1.18024790 0.00000000
-0.16994537 1.04922116 0.00000000
-0.94358921 0.13805813 0.00000000
0.22124471 0.80320472 0.00000000
-0.52838218 0.82499027 0.00000000
-1.08418751 0.19652052 0.00000000
-0.89140308 0.17202261 0.00000000
0.00318744 0.97066599 0.00000000
-0.48276412 0.87802696 0.00000000
-0.74157953 0.62739712 0.00000000
0.42399463 0.96833730 0.00000000
0.21754211 0.90546566 0.00000000
-0.87532610 0.44380823 0.00000000
-0.61493313 0.88435298 0.00000000
-0.29844028 0.88588941 0.00000000
0.08946892 0.96368998 0.00000000
-0.36747846 0.82503885 0.00000000
-1.06872702 -0.01521065 0.00000000
-0.87798721 0.37411177 0.00000000
-0.42531621 0.91156179 0.00000000
0.68541676 0.63338012 0.00000000
-0.66627276 0.81276208 0.00000000
-0.85971928 0.63154072 0.00000000
0.54438311 0.74146467 0.00000000
0.92118222 0.46916732 0.00000000
-0.22812501 0.92614502 0.00000000
-0.10722724 0.90651071 0.00000000
1.12417328 0.29126915 0.00000000
-0.72751015 0.78264350 0.00000000
0.78264558 0.69721663 0.00000000
-1.07704914 0.14835849 0.00000000
0.65402669 0.88625532 0.00000000
0.76623940 0.67615962 0.00000000
0.02944843 0.95110244 0.00000000
-0.23419414 0.94821060 0.00000000
-0.82209098 0.73781407 0.00000000
0.53599864 0.87603503 0.00000000
0.94437081 0.16507743 0.00000000
-1.04229724 0.22104655 0.00000000
-0.61275119 0.86179775 0.00000000
0.35987678 0.93581080 0.00000000
0.93988109 0.53922206 0.00000000
0.38855398 0.89277512 0.00000000
0.68506420 0.74499583 0.00000000
0.83120173 0.53825176 0.00000000
0.23699996 0.90268385 0.00000000
-0.38228062 0.80307055 0.00000000
0.79725564 0.36679158 0.00000000
0.92795861 0.21474431 0.00000000
0.86883420 0.59799963 0.00000000
-0.76255631 0.81954247 0.00000000
0.27388668 0.98479515 0.00000000
0.51671201 0.84418023 0.00000000
0.32262266 0.94218355 0.00000000
-0.30448714 1.13821030 0.00000000
-0.80270183 0.65973312 0.00000000
0.36886615 1.07695651 0.00000000
-0.75763261 0.68556917 0.00000000
-1.04639292 0.12989143 0.00000000
-0.10897390 1.12332845 0.00000000
-0.05273931 1.05995274 0.00000000
0.73069471 0.81314838 0.00000000
0.43859255 0.90684211 0.00000000
-1.00032854 0.19367124 0.00000000
0.95321727 0.20993151 0.00000000
-0.16047281 0.93438619 0.00000000
-1.01594329 0.13082106 0.00000000
-0.26523384 0.81702930 0.00000000
0.38978028 0.86745942 0.00000000
-0.39195710 0.76630914 0.00000000
-0.93442428 0.39096382 0.00000000
-0.81302714 0.36147285 0.00000000
0.91020811 0.48036405 0.00000000
0.15124601 0.90642720 0.00000000
0.66689080 0.82573283 0.00000000
-0.32632929 1.03393519 0.00000000
1.02128255 -0.03848249 0.00000000
-0.43562248 0.92372495 0.00000000
-0.18416131 0.94746780 0.00000000
0.98899710 0.41290480 0.00000000
-0.35395491 0.83182454 0.00000000
-0.42710018 0.89753389 0.00000000
0.17330156 0.95962191 0.00000000
1.01983535 0.20688739 0.00000000
-0.55741680 0.70073515 0.00000000
-0.71630543 0.69762737 0.00000000
-0.85847193 0.24870257 0.00000000
0.12720434 0.92998111 0.00000000
0.93227041 0.46226916 0.00000000
0.39941868 0.98764968 0.00000000
0.93848002 0.14538768 0.00000000
-0.05485909 1.15973485 0.00000000
0.66779983 0.76012993 0.00000000
0.82750273 0.54922813 0.00000000
-0.55581599 0.83129627 0.00000000
0.25545144 0.89268136 0.00000000
-0.80991977 0.77012098 0.00000000
0.95241606 0.19690529 0.00000000
-0.64097309 0.72140777 0.00000000
-0.47574407 0.95701724 0.00000000
0.89003050 0.19128509 0.00000000
0.22962676 1.10525024 0.00000000
0.91254592 -0.11672159 0.00000000
-0.27531263 1.01326931 0.00000000
0.60933018 0.77543080 0.00000000
-0.95531780 0.29517266 0.00000000
-1.07886231 0.33799100 0.00000000
-0.58722544 0.83285266 0.00000000
1.07519698 0.17955387 0.00000000
1.01945961 0.00819353 0.00000000
-0.74026555 0.62755752 0.00000000
-0.72807086 0.65120822 0.00000000
1.06303990 0.20661075 0.00000000
1.01815987 0.39166275 0.00000000
-0.92868704 0.00435513 0.00000000
-0.58820832 0.78734899 0.00000000
0.63712180 0.71242881 0.00000000
-0.93123734 0.35241818 0.00000000
0.68863767 0.62385404 0.00000000
-0.92145926 0.59080398 0.00000000
-0.88158715 0.42215896 0.00000000
-0.90243918 0.20504832 0.00000000
0.84448433 0.66870505 0.00000000
0.59413260 0.79181057 0.00000000
-0.46934262 0.89190012 0.00000000
-0.15870368 0.99055970 0.00000000
1.00291884 -0.09391109 0.00000000
-0.75290763 0.69047582 0.00000000
-0.64793426 0.68278468 0.00000000
0.27828017 1.02368033 0.00000000
-0.82107371 0.53846735 0.00000000
0.95374876 0.20645206 0.00000000
-0.15719245 1.01379991 0.00000000
-0.90805286 0.25335866 0.00000000
1.01381898 0.36986125 0.00000000
0.09744195 1.05943429 0.00000000
0.52864599 0.88983518 0.00000000
0.23322585 0.97349101 0.00000000
-0.73033708 0.55721915 0.00000000
0.09540204 0.82915545 0.00000000
0.60911721 0.73187906 0.00000000
-0.75215989 0.73005778 0.00000000
0.83567613 0.42336729 0.00000000
-0.25696051 0.87685782 0.00000000
-1.00339818 0.17107706 0.00000000
-0.75423241 0.53420305 0.00000000
-0.19399908 0.90839082 0.00000000
-0.40085289 1.06530607 0.00000000
0.00323331 0.99537039 0.00000000
0.74896854 0.26436841 0.00000000
-0.55416012 0.87871718 0.00000000
0.67824036 0.81875640 0.00000000
-0.50429487 0.81301010 0.00000000
0.03695484 1.04145527 0.00000000
0.56245810 0.73036081 0.00000000
0.59001833 0.62107289 0.00000000
-0.78703976 0.59197503 0.00000000
0.13059151 1.01099074 0.00000000
-0.73937744 0.57225734 0.00000000
-1.19492495 0.36322290 0.00000000
0.98239696 0.10957953 0.00000000
-0.16525209 0.93239403 0.00000000
-0.70885974 0.62283576 0.00000000
-0.91265208 -0.02663810 0.00000000
0.83162481 0.49963558 0.00000000
0.65748274 0.77453703 0.00000000
0.01916400 1.04698110 0.00000000
0.16657002 1.05756867 0.00000000
-0.12140284 1.03093433 0.00000000
0.79498237 0.54391307 0.00000000
0.86216199 0.49346161 0.00000000
0.94419461 0.21355861 0.00000000
-0.91057867 0.06795628 0.00000000
-1.02089071 0.13403009 0.00000000
0.68999463 0.79896635 0.00000000
0.14528868 0.93233669 0.00000000
-0.10454122 0.91459900 0.00000000
0.80407804 0.48413232 0.00000000
0.72655272 0.64319867 0.00000000
0.19544740 0.93847018 0.00000000
-0.68120599 0.75274634 0.00000000
-0.96797532 0.55164903 0.00000000
0.20684387 1.00605845 0.00000000
0.13526027 0.99859065 0.00000000
-0.96152288 0.29722610 0.00000000
-0.30943236 0.92210156 0.00000000
-0.74896860 0.62939817 0.00000000
1.21715105 0.27518931 0.00000000
-1.03985310 0.20073389 0.00000000
0.88880551 0.42384696 0.00000000
0.78090870 0.71190685 0.00000000
0.75009215 0.38464218 0.00000000
0.38308787 0.85739589 0.00000000
-0.02667832 0.83645546 0.00000000
-1.03734624 0.21744877 0.00000000
0.46991241 0.92984921 0.00000000
-0.84539837 0.42125013 0.00000000
-0.94461495 0.55952078 0.00000000
0.71746236 0.59851950 0.00000000
-0.85028034 0.54644454 0.00000000
-1.07344472 0.37295163 0.00000000
0.21357805 0.93765825 0.00000000
1.14229846 0.16616975 0.00000000
-0.97963762 -0.11971255 0.00000000
1.06785846 0.31872591 0.00000000
-0.94897676 0.00194572 0.00000000
-0.98549992 0.25124565 0.00000000
-0.79834032 0.37364000 0.00000000
-0.45326298 0.79093945 0.00000000
0.26113537 0.81249112 0.00000000
0.53826886 0.88345701 0.00000000
0.99147409 0.39932731 0.00000000
1.05738306 0.48857859 0.00000000
0.98072243 0.29434165 0.00000000
0.42353174 0.85747302 0.00000000
0.06198302 1.02695429 0.00000000
-1.04848647 0.23353069 0.00000000
-0.27029428 1.01964235 0.00000000
-0.22230396 0.90671325 0.00000000
0.46937340 0.91281080 0.00000000
0.82819039 0.37916875 0.00000000
0.52358687 0.86470556 0.00000000
0.94845498 0.23284675 0.00000000
-0.85605341 0.50195748 0.00000000
0.57939136 0.78738767 0.00000000
-0.76461875 0.59084111 0.00000000
-1.10321343 0.25916123 0.00000000
-0.72501266 0.69621682 0.00000000
0.99663335 -0.05287157 0.00000000
-0.95423806 0.33664945 0.00000000
-0.84031230 0.16325463 0.00000000
