6.215942413704343694e-02,9.878916269040763920e-01
-1.876104780020672602e-01,9.752225256713212831e-01
9.232680767099835650e-01,-5.387760902392123574e-01
8.918906246611940647e-01,-4.631676778974973541e-01
-4.033019435267203856e-01,8.301867405889975515e-01
1.254275935275745324e+00,-5.978109711043804175e-01
1.244299362137126774e+00,-4.325645757236404876e-01
1.625238069390140705e+00,-2.387381295856043362e-01
1.594283364575785233e+00,-2.324674472278642212e-01
6.601895557211889809e-01,6.046998080279595289e-01
1.011853066312918825e+00,2.795488949838071391e-01
5.791042902868070996e-01,8.160988777631188462e-01
1.274212273778923210e+00,-3.846104436740509502e-01
6.085196892365529742e-01,6.784383198545393956e-01
-5.576857935951555767e-01,8.132887209372783310e-01
1.679345522541930258e+00,-2.945914117087106154e-01
-6.971873230217976447e-01,6.391864952770572872e-01
4.799408828362898283e-01,-2.649281862818301247e-01
8.610345372655279217e-01,2.580084536234210635e-01
7.892859547684061283e-01,5.536409429344663069e-01
5.308342702089028364e-01,7.699676024856362266e-01
1.506772955211395315e+00,-3.834231368739849932e-01
3.931170546805339283e-01,-4.197051145643270753e-01
1.636963210741377295e-01,2.039279653069775433e-01
2.059272762257556622e+00,4.465705896279767995e-01
1.019482879919991092e+00,2.091776100247639825e-01
-9.725667254378787818e-02,3.817650250869142337e-01
4.450431927352772044e-01,9.169730948383810754e-01
1.587824253710745870e+00,-1.969424862180984837e-01
-8.809171053335261847e-01,3.435095942340337105e-01
4.850302338472434194e-01,-3.737187641204197108e-01
5.096910669265967142e-01,-3.843211928509057129e-01
1.783037984242842988e+00,-5.296995430345896594e-03
1.984476326669411428e+00,3.844527567057312578e-01
4.291187980311617634e-01,-2.853030679183740093e-01
5.798587069760317014e-01,6.981008433512890798e-01
-4.978320847325493070e-01,9.315571288913035986e-01
1.680133909962730154e+00,-1.628265930030436126e-01
-9.259355350408916552e-01,3.018449107393297304e-01
4.105724532845409502e-01,-1.181807351125280653e-01
9.369020356641913905e-01,3.650310612926819798e-01
-1.828836765153201704e-01,9.675094873279439511e-01
6.664650037573704999e-01,8.834862752839117706e-01
6.350761940972035613e-02,1.432789738327550355e-01
-8.868576559495233713e-01,1.873421655916833184e-01
1.342599491984279581e-02,9.872093082329487235e-01
2.224705829147896954e-02,4.254710894060804161e-01
1.649871844414477540e+00,-3.060303620753699883e-01
1.274667163893697941e-01,-3.157875694415254036e-02
-9.045110635283007960e-01,4.293469058094768753e-01
1.586931206755984425e+00,-3.694185298055004396e-01
-5.888524365894687307e-01,8.243638266409466508e-01
9.574370432322243385e-01,1.980773894428650983e-01
1.986523286459986215e+00,-3.693792486691381549e-02
-7.031891271678087918e-01,6.750134933863523035e-01
1.685382257313928323e+00,-2.649214871139116134e-01
9.190363921358931654e-01,-5.296995195524524247e-01
3.784793881807874821e-02,4.781626229521324656e-01
-2.115156437384192040e-02,1.084774239236352189e+00
-6.986365608750546574e-01,7.497414766467335179e-01
-3.015440618518631100e-01,8.982098129396290931e-01
1.512277545929264555e+00,-4.230977910150815480e-01
9.605194592133392550e-01,-5.435614241507209510e-01
1.443222883290001146e+00,-4.328085139051843777e-01
-8.448954684933933645e-01,6.269770775687167896e-01
-7.344887503889011571e-01,6.510011966650268711e-01
-3.490320770222794522e-01,1.042527965974435089e+00
1.086489130549050719e+00,4.056829630691973221e-01
9.438035232812769237e-01,3.685532652239926210e-01
-5.986168123722772627e-01,8.869295497158573571e-01
6.266755362653900763e-01,8.380431692278327294e-01
7.898209542099667857e-01,4.736778129982131547e-01
-1.852148080581450529e-01,9.522168302575121368e-01
1.346482839260240594e+00,-5.025266340298357726e-01
7.845175212456162450e-01,7.238464990190874859e-01
3.320599112230298577e-01,1.049410460192431671e+00
-1.073872736677419004e+00,-1.033793874183600997e-01
9.772466064427617338e-01,3.791219822670818251e-01
4.835852370068841055e-01,9.419956703656851005e-01
2.721948829315692375e-01,-3.473754508822798903e-02
4.505134880716939183e-02,2.428553784734759913e-01
-7.838926652343769508e-02,1.208988063842852734e+00
1.665648859512063096e+00,-1.571613319505117401e-01
7.312110677993194363e-01,6.441350890630146431e-01
1.292857880164612006e+00,-4.760908974385264503e-01
9.632204510168149714e-01,1.843075183316182641e-01
-1.151194571271556333e+00,1.079508507722908572e-01
2.916180590580799703e-01,1.036474206298428458e+00
1.785231880638852298e-01,-1.199267944038372447e-01
1.850377688828036105e+00,2.711424077148504308e-01
1.059983286733854113e+00,1.459154864426912557e-01
-2.262197354199466104e-01,9.210043281235104073e-01
1.402097130963271709e+00,-3.020896562452304313e-01
-5.134539855967887867e-01,8.745841891465266915e-01
5.398758610605320918e-01,-3.496661088331372014e-01
1.562632619810751411e+00,-4.260640202946007760e-01
1.149795064179364168e+00,-6.640168975906995952e-03
9.268447741900319725e-01,-4.356142215942703233e-01
-9.530017034548179389e-01,-7.569515715606062178e-02
4.152266697543936097e-02,4.291475162166281110e-01
-7.840909238823279281e-01,6.689761269512988218e-01
6.550686582792547563e-01,-5.405369400883557329e-01
4.954334965610905916e-01,-2.977020667582478408e-01
1.057396139543429925e+00,-7.269810315880163853e-02
5.788067263087665060e-01,8.360077934454619442e-01
1.665900473821552819e+00,-3.584695837997425860e-01
1.304577709476115954e+00,-5.155555258678615749e-01
9.458152593265758412e-01,2.471191506765382240e-01
2.061417878729395969e+00,5.266553162488721851e-01
8.658634667585517475e-01,4.780361049849438104e-01
-7.858201429692968087e-01,8.337548798456659860e-01
1.875960045969359058e+00,4.627157215281055835e-01
1.273381533915562747e+00,-4.030274467595699184e-01
-8.360572071041019182e-01,5.459251038195541694e-01
9.190188721834349206e-01,5.679516318262453067e-01
4.644874318527047463e-01,8.098350699233345384e-01
1.545838819555646337e-01,-2.539715489224322886e-01
1.874054997000633049e+00,4.075386705000369481e-01
-9.633771079338335763e-01,2.897441505773320491e-01
-4.769341748948274784e-01,8.970526219294397974e-01
1.903682312633710350e+00,9.431336990045315061e-02
-5.789787780878509205e-01,6.971164731038753670e-01
-4.103794994699063586e-03,2.548401068608386888e-01
-9.751270822815910622e-01,1.229671092688927603e-03
1.037611476850320569e-01,5.963470945109343446e-02
-1.063512545895515249e+00,1.312879842509440120e-01
2.405093930678698505e-02,1.942176819804828924e-01
-4.995182368046125476e-01,9.024787436209673608e-01
7.357058170897738947e-01,-4.902414338196994792e-01
1.051285519340730668e+00,-5.259496119831352789e-01
-4.133536784533049790e-03,4.921361286412047065e-01
6.888359961853640634e-02,-8.922535156190873618e-02
2.059846859445528811e+00,4.523445536366307307e-01
6.235087590698559223e-01,-4.664345010863492069e-01
-6.703453147136967383e-03,8.383702835154352440e-02
2.360205304747983387e-02,4.176708027883400121e-01
1.934072339187564049e+00,-2.084976955384105352e-02
3.301885808340551121e-01,8.912707948247566847e-01
1.739471161741892979e+00,-1.971674035370529487e-01
7.563784254149833464e-01,-6.848538505564887302e-01
3.336149820740474947e-01,-3.446413122802086115e-01
-7.254611138584499130e-01,8.376708404696613375e-01
-9.573021766703704305e-01,4.590102433254434344e-01
-2.228060231036155248e-01,8.511801783242110009e-01
1.916710440134908877e+00,4.362399309734339703e-02
-3.320069840261580807e-01,9.143193182085835868e-01
1.977954483910191463e+00,3.279442008816951248e-01
2.061945522391922803e-01,7.366439527525809883e-01
9.247616818689635698e-01,1.161677453562892925e-01
1.652940287866091706e+00,-1.839113765097216691e-01
1.188216856075791084e-02,-2.897725468861217513e-03
8.694153436568573534e-01,1.157471463709851128e-01
1.501410384968179523e-01,8.697727618673938288e-01
-8.552534865774764627e-01,4.890122204558665642e-01
1.757602988448088599e+00,-1.871316090477666283e-01
1.971536124704178494e+00,2.100133903209824848e-02
-9.005458961529606565e-01,5.559655451611359434e-01
1.195470055058999170e-01,1.021814487729267862e+00
3.280092025707571912e-02,3.141030831426048775e-01
5.777707712580629762e-01,-4.572898468359174462e-01
9.241780441588473005e-01,1.932133755221716598e-01
8.955780404558105756e-02,1.003473722051102801e-01
1.026629180060356861e+00,-5.150876666645045621e-01
1.503684700813098907e+00,-4.869612532287344586e-01
2.895315714356827552e-01,9.287622107452252473e-01
2.896304172457154769e-01,-1.827021091469940850e-01
1.234183666958775127e+00,-4.387167191680889089e-01
1.794010575953371711e-01,9.930681385587690757e-01
8.216321224373333010e-01,-4.981206337866189715e-02
9.464613257324765438e-01,5.938535245740235169e-01
1.030028801847843622e+00,3.404171724535722809e-01
1.180424631611995734e+00,-6.544183068845316198e-01
-5.727481422420156454e-01,7.111709181093881504e-01
5.583871998683480609e-01,7.130469900394318383e-01
3.690486697770395397e-01,-3.580001815948270494e-01
1.566177393680309837e+00,-4.482494743055188136e-01
-4.485355935738891131e-01,8.757760242254276628e-01
-7.112460537874364386e-01,3.484073040063081494e-01
-9.654441110492540945e-01,8.665580102063946688e-02
6.630815696476577425e-02,-6.712969723716818993e-02
3.518176481693655044e-02,4.367954710385110184e-01
4.060938735492979068e-02,1.206580346295826889e-01
1.093381506683044346e+00,-4.028094090854723586e-01
7.866022118251390083e-01,-3.474400785775481060e-01
1.669132452492098073e-01,9.167054942896353253e-01
4.821026919878319550e-01,-3.242294385872112050e-01
-1.878888440751643185e-01,1.052268484974633767e+00
-2.738258604756812487e-01,9.157036380088909855e-01
-9.284395952168469357e-01,4.340617380608705056e-01
1.038454824230079954e+00,-5.424323496306204806e-01
-4.758259041320391791e-01,8.214887188344802693e-01
4.524408473806282305e-01,-2.762991096101442556e-01
-5.161137995846140081e-01,7.791438675257457147e-01
6.266262993283545635e-01,7.596783889161264902e-01
9.834514482729254936e-02,-7.531629419375426848e-02
3.753049486110405786e-01,8.971366540283901569e-01
8.261345568279180318e-01,-4.215293503771939676e-01
-6.272099883255027875e-01,8.062695319909316538e-01
1.693491118969000508e+00,-2.474335822345612446e-01
1.556898450702904890e+00,-4.538470696250536673e-01
5.648585761569201447e-01,9.522529396557526393e-01
-6.062438704435297449e-02,1.011503189429620253e+00
5.490483440351909827e-01,-3.731428238734706970e-01
1.159037750695398161e+00,-3.806440333547083665e-01
7.444833303448838979e-02,9.819026925098263137e-01
2.732947306113874819e-01,-1.086478260015584507e-01
1.936770324674331967e+00,3.639837294447801352e-01
8.143432924188328537e-01,-5.104747121269681553e-01
1.682461629980907869e+00,-2.852305698419302371e-01
8.057387715633759218e-01,-4.178780034414046329e-01
1.463252278712848797e+00,-3.022689041645696406e-01
3.126594080796545883e-01,-2.943532370474288284e-01
-1.222826617824088608e-01,9.908120258391308610e-01
1.425124789322612440e+00,-4.052213168492922457e-01
1.025755256994840936e+00,4.094925861576454995e-01
3.798015852795685321e-01,-1.666212578746120998e-01
3.550282917964177609e-01,-1.632711162474005939e-01
2.479689886225396322e-01,9.175944488933140963e-01
2.476818861700862129e-03,4.419721679304248196e-01
-2.492793564846370047e-01,9.264820888853815273e-01
7.632827569024686065e-01,5.990315070470302317e-01
4.031084759998192490e-01,-3.506414323734053373e-01
9.034905289884179735e-01,-4.847251830936352701e-01
9.461631201834498350e-01,5.665128968734318704e-01
-3.490392071736446722e-01,9.322527827067056405e-01
9.324002736486193266e-01,-4.571510063909203225e-01
2.448811356228225156e-01,-6.096056610312654278e-02
8.647615447831312752e-01,5.234586872856666906e-01
3.384842949429831549e-01,-3.375113976544952821e-01
4.873142578721237905e-01,-3.154402119863934373e-01
-9.219507208381824137e-01,5.537627785816925940e-02
3.143937833162656070e-01,-2.761646222804445272e-01
1.317401021637127689e+00,-5.148126234618141117e-01
1.478134552808234137e+00,-3.393714569994349395e-01
7.982605187565499083e-01,7.028981975733400445e-01
1.676122943158694145e+00,-2.740599229862525910e-01
3.149935757781229806e-01,-2.666702363161024270e-01
1.364329225242321808e+00,-3.712852591583835071e-01
-7.481191020590673146e-03,2.962845053796649974e-01
8.317377125839210406e-01,6.240478958868783677e-01
-6.069854430207367590e-01,7.033156286362539644e-01
-9.408625503357410658e-01,4.212472509697099965e-01
2.574460254718987096e-01,-2.348203937497858329e-01
1.673743806839671500e+00,-1.454408843581020683e-01
2.517943423054885832e-01,-4.097953214283109324e-02
1.862388248176458649e+00,6.554927375825449209e-02
-1.391648161329211708e-01,9.859683506321339497e-01
7.662232896677025895e-01,5.499911062225505409e-01
-7.554866792088972272e-01,5.148446036436071793e-01
-3.144037709445177686e-01,9.361509099513628529e-01
5.051906632570323241e-01,8.543373164384443497e-01
-2.490435577545830476e-02,4.992890107572043323e-01
1.657130592312680006e-01,1.048016982815466847e+00
2.901161337169874121e-01,-1.771721616848747349e-01
1.810617294435843627e+00,3.286655738507729962e-01
1.109090946827836266e+00,9.701748894487491337e-02
6.168763373995730936e-02,1.048682515846559582e+00
-1.095386976819532565e+00,2.511318519407628597e-02
-6.189851056585605749e-01,7.929909208752581318e-01
1.374170023538043295e-01,-4.919435204133519590e-02
1.797736120401971283e+00,-2.096815772985725912e-03
4.433605502281702526e-03,9.490091312872300788e-01
-2.414480449821124752e-01,9.367950178933515115e-01
6.404943488077053937e-01,-3.546025907708587055e-01
6.429317912767308352e-01,9.305072140048383789e-01
8.583219791258224207e-01,-2.913657754291907320e-01
9.047023658878135255e-02,8.764223938942232728e-01
1.982742367808224104e+00,1.294193683447451559e-01
2.870969858070978598e-01,-8.872821855830118065e-02
8.557009063113031333e-01,3.554143814054157996e-02
1.808244916119766232e+00,-1.644563103123471148e-01
-7.685709183980173886e-01,5.502413813466867643e-01
3.566059144409615689e-01,-4.474237480318696836e-01
2.559456346646312719e-01,-1.232360022260187427e-01
1.629730562742300881e-01,-3.116533611774698342e-01
1.874699389566612640e+00,-5.761057819784376477e-02
-4.437459952365619409e-01,9.545049451372056293e-01
2.237925282215086908e-01,1.008588418139686249e+00
4.119127068443177997e-01,9.517138411667090958e-01
2.142363900365912954e+00,3.881820088814375014e-01
1.681692125503702617e-01,7.768900445487600392e-02
9.642594618802950990e-01,-5.778129852690184753e-01
1.937210522335595764e+00,1.353719450388042589e-01
-1.583379608173512976e-01,1.019230373130712186e+00
7.123770941848176497e-01,-4.785797053519047495e-01
1.894653891872014606e+00,2.348457229188847251e-01
6.775619615501899951e-01,-3.910209780534419366e-01
-9.409500867410143243e-01,1.769206700159147438e-01
1.445005072055490114e+00,-5.123841722131836640e-01
5.888480678145812108e-01,-5.225212484306771543e-01
9.944570728798481918e-01,2.561971243525864028e-01
-6.986526782332945773e-01,6.963005452057958733e-01
1.539277334280749532e+00,-2.368431023727355367e-01
1.652843954114651792e+00,-2.967737988104641178e-01
1.994750753579347613e+00,2.770042669628161591e-01
2.250431216336643003e-02,3.869923189067498437e-01
8.169357708782477578e-01,5.205078886698109031e-01
3.804783490353451647e-01,-2.723877375290318925e-01
5.281401365040634399e-01,8.252058201760908984e-01
9.286686127877261665e-01,-4.329137827976000663e-01
-8.610843666017793385e-01,1.211084399786153953e-01
2.431663243011653319e-01,-2.528926431079642767e-01
-9.684392560910137782e-01,4.100237528639544271e-01
-1.025001215949682631e+00,4.909125771459970089e-01
-9.762422015999052682e-01,3.949496328079661334e-01
4.123075391966432024e-01,-2.376877354194554814e-01
-8.932615012942760613e-01,4.042638305015339162e-01
5.809672698540231661e-02,4.465274796546864211e-02
4.396313016738685464e-01,-2.306751288440691550e-01
1.113152505210411869e-01,9.699481032714089013e-01
-9.986474549921212640e-01,9.993925693408917121e-02
5.462963138002105978e-01,9.620058076522375323e-01
2.001488967795891583e+00,4.919210558534431454e-01
-7.091376797517363606e-01,5.248692011532800628e-01
5.108200816374607323e-01,-3.447229100100073218e-01
1.973031533675378313e+00,4.952018821980075369e-01
9.121316471280412896e-01,1.808600491403465904e-01
3.631149066144683246e-01,-4.705968523568381245e-01
-7.163536232778222601e-02,5.856653331222022585e-01
7.847984685254444370e-01,-4.928169711847394940e-01
1.722462509845553991e-01,-5.030451122614531395e-02
7.694615569337731609e-01,7.083748878707155638e-01
-8.791216939828354615e-01,3.361003932288452178e-01
7.676654144517169875e-01,-4.862976971699750628e-01
-5.269051074112498373e-02,1.046905232122654628e+00
6.755026076406243085e-01,5.750235826011758089e-01
-4.133650290640517588e-01,9.652008276684393984e-01
8.443295929415417511e-02,3.610539527131889637e-01
2.594594903766050953e-01,-1.989138262432011972e-01
-5.377655451727757913e-02,5.206352245399084033e-01
1.729940085386851401e+00,-2.471409541370006846e-01
1.814308764408013586e+00,-8.646744376251157271e-02
-7.516750846457035395e-01,6.950023952032150509e-01
-4.939441550016194782e-01,8.398316145481310446e-01
9.597456480344153107e-01,-5.887708300050438215e-01
3.635103332059980152e-01,-1.619362772665066119e-01
-1.360128442959219752e-01,9.330160501100481785e-01
8.971976583924720083e-01,4.186719851649254864e-01
1.099104755221004037e+00,-6.184914488771015018e-02
5.252900715661612541e-01,1.091382240882238897e+00
5.168773988452705082e-01,9.159887785976541519e-01
9.482731232162929791e-01,2.588303677068438668e-01
1.987705546572601900e+00,4.378302395618381970e-01
9.905909333642014536e-01,3.105855421522166204e-01
7.253571903283381195e-01,6.937854876795188641e-01
1.757554817468657493e+00,-7.202828642012945592e-02
-8.042089161736982739e-01,4.022002820919989841e-01
1.114551916760565087e+00,-6.094631778026632363e-01
1.522298701279940422e-03,3.144112404606819733e-01
8.829305105626161776e-01,4.565923884041613312e-01
-6.828608721388259584e-01,6.219578797751579291e-01
2.646257612994544206e-01,-1.413625256181544609e-01
1.089718556196261900e+00,-5.971420258581748852e-01
1.302643347780068628e-01,-4.905418271578261546e-02
1.973138073763312628e+00,6.260010430849272112e-01
-9.519974968834683526e-01,9.702804449098843820e-02
-1.733010953460450282e-02,4.125581671630357272e-01
-1.045328351172793324e+00,2.026475164597407175e-01
1.505944523507939170e+00,-2.889655250472876746e-01
1.079789809553610258e+00,-3.474425322087876800e-01
-6.145188970155465169e-01,7.834983688011647462e-01
3.369364789724184628e-01,1.038947701987407601e+00
8.712615719851333207e-01,-4.003490650738268375e-01
1.149642447697975800e-01,2.369831427513675523e-02
7.609604722803231525e-01,-4.840149440192693664e-01
1.052964102143950864e+00,-6.498961272589044436e-01
4.464985900484119696e-01,9.085423889999469926e-01
-4.607761890229643553e-01,7.984973622798910986e-01
4.374592172593679829e-01,8.676476861164351684e-01
-6.879186158271157758e-01,6.884436980463093381e-01
-9.815249036048500075e-01,7.344783968240166383e-02
-7.237083348765190882e-01,7.914906226514046850e-01
5.510724678623347694e-01,-5.689562219560319045e-01
3.900826222607389759e-01,-1.768974155366529188e-01
1.385593162450875770e-01,9.401839051820963800e-01
-4.802995190145483567e-02,1.087149923850890598e+00
1.961652190292330289e+00,2.791626901703719854e-01
-4.335555373529766388e-01,8.716316102870258486e-01
1.979425252156824300e+00,-8.575898067329901231e-02
-7.409522019458432140e-01,6.975992149897650707e-01
1.686881668905992449e+00,-2.112304955549008101e-01
1.892777359229388390e+00,5.005774729063651174e-01
-8.963427031387560806e-01,4.157100688949821321e-01
2.029199468308426346e-02,1.029922190604842358e+00
1.786885629412717558e+00,1.665853664653186850e-01
1.219548959505019958e+00,-5.485166316658809382e-01
3.045254663221599878e-01,1.037370279785065907e+00
1.491715259532672366e+00,-3.710603340302919273e-01
-9.564559664074232526e-01,3.875192048665171973e-01
3.184522853897184258e-01,1.081872835861908744e+00
6.498918738986838584e-01,6.340755489409021228e-01
6.098714550638569820e-01,-3.728191873903075049e-01
-5.490836222900093988e-01,9.706510823307135105e-01
1.233601789523630643e+00,-5.565917097951446069e-01
-1.062604104192612503e-02,1.030264445847456578e+00
-3.405882892968230546e-01,1.071137677560577872e+00
7.396947722936000336e-01,7.406809434996441954e-01
-8.159528821528930775e-01,7.220968719890465959e-01
1.080836871515207243e+00,-4.635482229100216234e-01
3.064761960454537304e-01,9.489634908096025168e-01
7.044003900004992547e-01,5.841111675655512592e-01
1.631659450906511655e+00,-1.887272609434572090e-01
8.171813507568633783e-01,-5.311014656209507301e-01
-1.595405558168894733e-01,9.616336911787806141e-01
5.254954964691390673e-01,-4.882388118826709311e-01
1.837840131419045120e+00,5.213086311115252558e-01
3.282953829856768285e-02,9.245048643621870399e-01
-8.485442901092060675e-02,2.247995093272863454e-01
9.643876003434953548e-01,8.583919969818565310e-02
-9.299390881873648151e-01,3.192630020083158104e-01
3.781451375493199429e-01,9.279104737619988663e-01
-5.124192621438017348e-01,9.409688876809435554e-01
1.319061455536349126e+00,-4.758675390180807097e-01
-9.281127838637051042e-01,2.882820234193889664e-01
8.174141069521612124e-01,4.379511052521313230e-01
1.417535574237987692e-02,9.403046090204464358e-01
8.338864859647330263e-01,1.309815521321920362e-01
-6.331765565672046181e-01,7.997114234815688727e-01
-1.046857825951299503e+00,1.017349630266015104e-01
4.287682564433959453e-01,-2.935795174079968151e-01
-5.800596145762610956e-01,6.240551947746976191e-01
4.247613894175723548e-01,-2.755558982178978322e-01
6.837995598475126169e-01,4.920812938440555229e-01
8.118237330120006146e-01,4.674270554083496676e-01
9.571276329195057553e-01,3.744097738491020122e-01
1.953642039787699236e+00,4.626102893981786646e-01
3.801351091814308969e-01,1.008206826999177741e+00
2.082607927741117138e+00,3.211399084744518406e-01
1.210838130743088423e-02,4.449602695614511272e-01
7.004449187687519229e-01,7.505040672846150507e-01
1.864964241824144109e+00,1.377214726328700178e-01
1.071302977106819210e+00,2.277580606779843198e-01
-9.776567321398730304e-01,2.516818893716610828e-01
1.361781831607417725e+00,-2.556568454840712490e-01
-3.082996261491752765e-01,8.776402372449646494e-01
1.205272630454584659e+00,-5.532449312453456836e-01
-7.497007566845650395e-01,6.505229553268142562e-01
7.267478405264788943e-01,-4.558862046912624533e-01
-7.697126068666038101e-01,4.682704194539939468e-01
8.011138477489985199e-01,5.380970464283645338e-01
1.849692524009140637e+00,-4.871522433380769124e-02
-6.943016283693346224e-01,7.032561086323650956e-01
7.919606075287685676e-02,9.944627180761378415e-01
9.953666560817210351e-01,-4.750761002970848579e-01
9.896317063384807433e-01,-1.430306594144731269e-02
5.457389341122934612e-01,-4.371091230986508536e-01
7.063892427175554045e-02,-1.901003936709055597e-01
8.516135524643484445e-01,5.597532436403581668e-01
9.599082012548929566e-01,2.670896896390439479e-01
7.133819741312253937e-01,9.076780270070567980e-01
-6.828877853427377520e-01,7.001234925192847403e-01
1.870874223776292367e-01,-9.244414706018488914e-02
-6.291237352570215879e-01,7.169409251382808934e-01
1.168683904531082618e+00,-4.528864785338905796e-01
9.217656660685553671e-01,-4.450597889275417773e-01
-9.656552304881522719e-01,2.289256206539764249e-01
1.539909865874578010e+00,-2.594226697994402864e-01
8.093858114114801383e-01,4.335106852619470819e-01
1.919182059397624540e+00,2.639049328855824772e-01
-4.842134299530057029e-02,2.999439470268409624e-01
1.059624081008352370e+00,-4.524415867157662308e-01
8.395501261512983149e-01,5.063902855646815748e-01
1.942649063480241800e+00,2.492409143608621536e-01
1.549790880210625499e+00,-3.516508311874138593e-01
-3.549173500176108220e-01,8.616276216434629598e-01
1.624414507872453450e+00,-2.487729977124603087e-01
-8.919366387160441167e-01,4.190193513348689502e-01
9.546299529189231636e-01,-3.853126750437267933e-01
6.869585498871484397e-01,5.647355236008594348e-01
-1.005314554302873642e+00,5.270236381149936422e-01
3.949813877250329952e-01,8.129777221852115821e-01
-1.225472156560542258e-01,1.166758440476134417e+00
1.984621323711562857e+00,1.974458068784373799e-01
7.549437334924372078e-02,2.764872721725504245e-01
1.805689814408774296e+00,-3.886890003025824519e-02
7.854845814056544695e-01,-3.936511133139787844e-01
7.622240084287142114e-02,1.064222197366556877e+00
-4.801336285182558061e-01,7.509511130041897076e-01
-1.002650718051791706e-01,3.627923714356756091e-01
1.196120414135790622e+00,-4.475794794782357311e-01
1.701361289755775719e+00,-1.117447500415234690e-01
3.525305851217310771e-01,8.152614153635947547e-01
3.507389048624395822e-02,6.440141538791854803e-03
1.880012612916006631e+00,2.107694384385141173e-01
6.559661064788058216e-04,1.072709734106717994e+00
6.915065238506228062e-02,1.010083238591580557e+00
3.754677448812614171e-02,4.486814416906869663e-01
-7.267210664251366747e-02,7.372256991212744470e-02
-7.140765527743608843e-01,6.196733946672470239e-01
4.158287290004701320e-01,9.783751959826025857e-01
1.699578460726939078e+00,-3.369818355256127829e-01
1.088941061354821382e+00,-4.181803368369547691e-01
1.649458099855996895e+00,-3.019290764492825185e-01
8.972633691889235763e-01,-5.348298732091969487e-01
5.316161960600047642e-01,-2.829016855228849714e-01
5.237639951204516864e-01,8.188158187833876056e-01
5.748208634443522369e-01,8.582149263575954423e-01
7.145130691771272025e-01,-4.530513624876474910e-01
1.310199117504797783e-01,1.895430994522313006e-01
1.042689992616298911e+00,1.406352953729385347e-01
6.059538542554401830e-02,3.339196433197778591e-01
1.676229777146631905e+00,-3.063802873603759802e-01
9.942175197375932028e-01,4.691217094988881647e-02
-9.742059688372735060e-01,2.842409578351853261e-01
3.220975881431731858e-01,-1.544305611655844845e-01
2.005337363937268691e+00,5.725204813728526076e-01
6.627622429247989055e-01,7.650622291237474393e-01
-4.947333890907611165e-02,8.433542413431241447e-02
5.622748981569584137e-01,-2.891294367816598099e-01
1.914802574587211037e-01,5.799889557279855334e-02
1.085551973667800096e+00,2.606643058793918846e-02
9.944495087171508763e-01,1.618476975820391517e-01
1.735803847341298667e+00,-2.346875832785243754e-01
1.207930249063808414e+00,-5.659281636412867300e-01
-1.098157623152703266e+00,-7.650686172538015417e-03
7.659222130650562566e-01,4.785557536832095171e-01
1.884956817479728208e+00,-1.209892330514609204e-01
6.989749140112554437e-01,8.654006739171876683e-01
-2.517762633338203604e-01,9.870736709744005744e-01
1.638303031483524963e+00,-1.655498589591947178e-01
1.849819508201933749e+00,-6.910372197189820764e-02
7.141568185554271198e-01,-5.019836243243871454e-01
-4.282915722854013785e-01,8.375026393198422570e-01
9.604452014067992316e-01,-4.292448991486394472e-01
-6.871926407581225860e-01,6.505096344042952117e-01
9.744419222241864631e-01,3.257620424984091767e-01
1.120365466266578292e+00,-4.542725701965577012e-01
1.130557118454208199e-01,3.739663612371994517e-01
8.711155666545168375e-01,-4.638985426501824327e-01
5.048993150595473267e-01,7.420943991403607942e-01
-6.797946353087640503e-01,3.535441646453853504e-01
8.961564828533417071e-01,1.913784973490856856e-01
7.605720768484514061e-01,7.276167546560047272e-01
8.504074643346570817e-01,3.268498974779239785e-01
6.657407584879203588e-01,-3.303535424547131560e-01
-1.021748264020847508e+00,1.451406019049788498e-01
1.477167544469310645e+00,-4.351110253979423859e-01
1.665212736978411989e+00,-2.522646647976989343e-01
1.409793847586366944e-01,2.411714722620433848e-01
8.290947604273085636e-01,5.511463582266081795e-01
-1.030128030867200062e+00,9.510624868758044137e-02
5.365000139292332992e-01,6.599552236442789432e-01
-9.110876309847584786e-02,1.180247895001036662e+00
-1.699453700436062142e-01,1.049221204063837787e+00
2.045151554027007545e+00,-6.783952633761967943e-02
1.001995243375172651e+00,-5.928196582004053861e-01
-9.435892179502527455e-01,1.380581277240494620e-01
9.253324997322777135e-01,-4.973737789931079734e-01
2.212447081484893163e-01,8.032046863237352063e-01
-5.283821795910871311e-01,8.249902985328200211e-01
6.425532115587400117e-01,-3.584963975878200371e-01
-1.084187486733537042e+00,1.965205148919220712e-01
-8.914030699422446080e-01,1.720226170442687164e-01
3.187439467083498859e-03,9.706659683595421084e-01
-4.827641167518172405e-01,8.780269449986857211e-01
-7.415795233510402706e-01,6.273971136052771680e-01
4.239946220910404406e-01,9.683372948896404875e-01
9.889193676394708588e-01,-4.670152779065118165e-01
2.296696235485169105e-03,5.503884402616835425e-01
2.175421126202607136e-01,9.054656875296482887e-01
5.770698630225483683e-01,-4.799560023353613425e-01
-8.753261223567264659e-01,4.438082138437071666e-01
-6.149331386739413929e-01,8.843529548092486925e-01
1.251961776528194736e+00,-5.483881820656830719e-01
-2.984402823328471399e-01,8.858894080999455412e-01
8.946892229865545387e-02,9.636900008157549546e-01
1.215461416728293553e+00,-4.568603970500286771e-01
7.913953631504555553e-02,-1.137272854127288485e-01
1.422372261327194687e-01,-6.223112947810829909e-02
-3.674784664677918089e-01,8.250388415995038027e-01
-1.068727061968732794e+00,-1.521064828150114900e-02
7.212040064508303816e-01,-5.092590929714262415e-01
1.183196586971115405e+00,-4.102552476118609404e-01
-8.779872125250725023e-01,3.741117735497266339e-01
-4.253162251761151702e-01,9.115618078018401516e-01
6.854167543226968862e-01,6.333800960656961188e-01
2.693218782068436123e-01,-3.505452177168718042e-01
-6.662727765226000853e-01,8.127621022413444862e-01
1.076762258325830279e+00,-5.102697458780086626e-01
1.738384469178940517e+00,-3.042779690009171922e-01
1.813424671172832348e+00,2.044559043658358138e-02
2.221188936573024186e-01,1.670087796221797483e-02
1.824694665118103076e+00,3.132292363684878456e-02
6.742628362387328433e-01,-6.895962013866328011e-01
9.941534744965950798e-01,-4.248774785481440608e-01
1.432571867966645929e+00,-4.003914496679280011e-01
-8.597192514040087330e-01,6.315407095507458157e-01
1.100537554371418120e-01,-4.362191424483602420e-02
5.443830812735560576e-01,7.414646528004819048e-01
2.027753395658845825e+00,2.706091433967454107e-01
1.951546548362255384e+00,1.544029786303571794e-01
9.211822200824898443e-01,4.691673312536541740e-01
-2.281250059433206356e-01,9.261450367276583551e-01
-1.072272458947585438e-01,9.065107177250242287e-01
2.002548082378373451e+00,-5.065009854656009336e-02
1.124173251376757499e+00,2.912691639364597407e-01
-7.275101393169123298e-01,7.826434685710471628e-01
7.826455926647332140e-01,6.972166578662857273e-01
2.051900146949130477e+00,3.041789069855013183e-01
-1.077049169361580683e+00,1.483584894327838466e-01
6.540267169094406974e-01,8.862553508165745830e-01
7.662394012709776714e-01,6.761596004702603580e-01
1.891930723097946965e+00,1.267549594021600279e-01
6.271011379093340832e-01,-2.678609818806020892e-01
2.944843326298851593e-02,9.511024131751940613e-01
-2.341941515857110523e-01,9.482106152006887223e-01
-8.220909911841460804e-01,7.378140600945563010e-01
1.648731352016154172e+00,-2.779948979874676263e-01
2.473579773427804843e-02,3.583215178119428246e-01
6.131945928986849703e-02,1.033966832488996401e-01
2.044137445945929166e+00,3.264699258558140249e-01
4.312588975562976074e-02,2.644646905235429890e-01
5.359986710363686679e-01,8.760350634325800856e-01
9.443707877320361987e-01,1.650774379220119048e-01
-6.336124871848651530e-02,4.134827513559357071e-01
-1.042297203370016856e+00,2.210465549995717649e-01
-6.127511682297844819e-01,8.617977215729334395e-01
1.838413634190459112e+00,1.053838672924770070e-01
3.598767944348196801e-01,9.358107840263867327e-01
2.020364034813931120e+00,3.315391643043456571e-01
1.303935005070422593e+00,-4.048946980344056978e-01
9.398810615844599425e-01,5.392220826393634425e-01
3.885539845749396148e-01,8.927751165541071288e-01
1.711659856733383167e+00,-1.566052886960986323e-02
6.850642124202770411e-01,7.449958367174309704e-01
8.312017095868883265e-01,5.382517486317632827e-01
2.369999531256357928e-01,9.026838685626311642e-01
1.877282031076660029e+00,-8.669123569484253611e-02
1.909121574264636356e+00,1.972445501383144062e-01
-3.822806068061431750e-01,8.030705596494037701e-01
7.972556358348439343e-01,3.667915904658252679e-01
9.279585912669782166e-01,2.147443198427028133e-01
-7.763265052557591361e-02,3.951082401948690093e-01
-2.384664631318669445e-02,4.681056044470989774e-01
8.688342235873204311e-01,5.979996585229931938e-01
1.794206627052479464e+00,-6.456113163057397575e-02
-7.625563164601684152e-01,8.195424630853871406e-01
2.738866734121502278e-01,9.847951345361178888e-01
5.167120309335139217e-01,8.441802078594928815e-01
3.226226426741493070e-01,9.421835387020083274e-01
-3.044871363973531420e-01,1.138210333964003507e+00
1.581081482752550116e+00,-2.958294109012352124e-01
-8.027018361157192139e-01,6.597331038206424303e-01
3.688661364767864548e-01,1.076956541843074877e+00
-7.576326087980247426e-01,6.855691949458193601e-01
-1.046392895960297942e+00,1.298914297223790759e-01
1.128193664825865250e+00,-5.647279409702277153e-01
1.683579480332748624e+00,-2.802028290305377256e-01
2.048929192366326646e+00,2.415919133260338025e-01
-1.089738956940146108e-01,1.123328468385627055e+00
-5.273931513877500032e-02,1.059952729744439104e+00
1.495127430695885495e+00,-3.131961119518200665e-01
7.306947185163485958e-01,8.131483560327168458e-01
1.687365368325343340e+00,-2.437852324822597505e-01
4.385925568766252391e-01,9.068421061621931845e-01
1.960978441019064267e+00,2.098712578982196986e-01
-1.000328543996725994e+00,1.936712372131208781e-01
2.006056549619730678e+00,2.617852420048082385e-01
9.532172775028012746e-01,2.099315044594341484e-01
9.418019360526834749e-01,-5.537194363794466501e-01
-1.604728078387839818e-01,9.343861725071093138e-01
1.057701270587613651e+00,-6.494048925431522568e-01
-1.015943346403909597e+00,1.308210708288864432e-01
-2.652338554393234848e-01,8.170292691543632468e-01
1.853794090660272564e+00,1.388021826870411424e-01
3.897802784636679174e-01,8.674594302275973057e-01
-3.919570946614691631e-01,7.663091520496234654e-01
2.030833261139854962e+00,3.082700354685694588e-01
-9.344242699528733098e-01,3.909638119951153179e-01
2.162150191062480256e-02,2.797034728619274269e-01
1.938052206099688091e+00,1.532352351390261491e-01
1.859291877921736669e+00,1.663580987607547745e-01
-8.130271546229129731e-01,3.614728388361017064e-01
9.102080878477906145e-01,4.803640637089469645e-01
2.906704602958151140e-01,-2.129125639830282413e-01
1.512460153883666281e-01,9.064271944470060349e-01
1.900465594604807240e+00,2.780749308949956311e-01
1.325804917289069851e-01,-1.687573844846453897e-01
-5.351657316710191348e-02,3.278882167972938522e-01
1.796468157289375256e+00,-1.022803790321010486e-01
6.668908283469190401e-01,8.257328165378988727e-01
1.553279574957858511e+00,-2.026193501359948024e-01
-3.263293018925902400e-01,1.033935163815003389e+00
1.794609486914425789e+00,2.022938934899147501e-02
1.021282601026543224e+00,-3.848249635347817527e-02
1.680130276729815408e+00,-1.477047398985817384e-01
4.513084072445880390e-01,-2.538660456415193223e-01
1.116863193758807382e+00,-3.927767901124609162e-01
-4.356224812871146712e-01,9.237249750928605563e-01
1.708563474394822368e+00,-2.785889216198715324e-01
-1.096434246294615555e-02,1.337660583979408679e-01
1.335479137248128501e+00,-3.648982609984914305e-01
1.685681679763397556e+00,-1.673333952556324278e-01
1.813067854032870962e-01,-1.537461496278816619e-01
-1.841613127403277095e-01,9.474677887497665596e-01
1.833632505064751728e+00,9.119128751012228751e-02
9.889971240689904297e-01,4.129048135355018467e-01
1.975098144207815043e+00,1.486914895792398883e-01
1.155320979368514855e+00,-5.073029459064317681e-01
1.372072707224288424e+00,-4.716501291013813768e-01
-3.539549024305355118e-01,8.318245140808857574e-01
3.404649223483240394e-01,-2.129646853839292989e-02
1.285177599462827613e+00,-3.859657349137404214e-01
1.154889112833941134e+00,-5.240918215599696950e-01
-4.271001926079373567e-01,8.975339203813198496e-01
1.733015689996460496e-01,9.596218979567735508e-01
-6.071320390110443443e-02,5.150210498249884195e-01
1.019835374609794565e+00,2.068873935290624078e-01
4.142522259151684705e-01,-2.404331702258943326e-01
2.184330378088609415e+00,3.675799117636918134e-01
-5.574167880051056345e-01,7.007351605736394928e-01
-7.163054538419061368e-01,6.976273690638131741e-01
1.280726746878033229e+00,-3.125255550686367734e-01
-8.584719114094874204e-01,2.487025668667444400e-01
1.272043388420301679e-01,9.299810848556494536e-01
9.322703913146768162e-01,4.622691546291583520e-01
1.022292100633577158e-02,3.689927481241944140e-01
2.006111640705069199e+00,4.188036755197610539e-01
1.316300295156874745e+00,-5.170336264125052761e-01
3.994186809797858340e-01,9.876496863851391694e-01
9.384800441171463614e-01,1.453876808394501119e-01
-5.485908673745700653e-02,1.159734864455485237e+00
6.677998157822488956e-01,7.601299256694786788e-01
8.275027362675908549e-01,5.492281149181696964e-01
1.237711932856212949e+00,-4.997672263472430210e-01
7.402442348652518156e-01,-4.572953099116801035e-01
-5.558159715715617066e-01,8.312962656011161355e-01
-3.415329584403117846e-03,1.096022616711594400e-01
4.979504426835615893e-01,-2.632379016594505461e-01
1.009000857934711920e-01,1.864536740622380895e-01
2.554514532780305935e-01,8.926813737539298632e-01
-8.099197694145223725e-01,7.701209654489622469e-01
-1.239981328093102408e-02,5.092135721255797165e-02
1.799595448691112987e+00,2.117524281360336769e-01
9.524160391967857464e-01,1.969052877962021442e-01
-6.409730718077889522e-01,7.214077982238342734e-01
8.254515669696165237e-01,-4.378331504917892802e-01
4.966434965113258881e-02,1.442088258331867823e-01
6.196175102090399900e-01,-5.339853862890882041e-01
8.711373578986214561e-02,1.743350154850001332e-01
-4.757440697372379290e-01,9.570172406324650716e-01
8.900305243853995352e-01,1.912850900527511000e-01
2.296267554495318164e-01,1.105250270888029407e+00
4.921856198787485370e-01,-2.770271605042478602e-01
9.125458984205156998e-01,-1.167215882790189896e-01
2.645703510282286230e-01,-3.498302077721526793e-02
-2.753126268791683540e-01,1.013269260070157829e+00
1.632400287532407734e+00,-1.951554031389030885e-01
6.387202567328087444e-01,-5.712684352912620334e-01
1.038238104965817366e+00,-5.369759350451466240e-01
6.093301502946589787e-01,7.754308275040564524e-01
-9.553177912764034829e-01,2.951726507883268291e-01
5.531738615878455390e-01,-5.256430452257697672e-01
6.951110498955177519e-01,-5.673876447502802511e-01
-1.078862273934305893e+00,3.379909891209046946e-01
1.283715459598290476e+00,-4.343239659282355780e-01
-5.872254652381498907e-01,8.328526578988383333e-01
1.217650722569384308e-01,-8.723686797568901141e-02
6.225773708545263158e-02,3.141788911370903548e-01
1.133277079515192964e+00,-5.270162629060752835e-01
7.597635096510138020e-01,-4.680750454502968783e-01
1.075196955916556618e+00,1.795538655918940130e-01
1.019459619164332587e+00,8.193526818988938754e-03
-7.402655729789324734e-01,6.275574900123294109e-01
1.823065844449795581e+00,5.202333938862888085e-02
-7.280708365843281404e-01,6.512082000115858582e-01
1.536649898862372687e+00,-2.091688461228350948e-01
1.063039895756216380e+00,2.066107487516908869e-01
1.018159897557956217e+00,3.916627319639262583e-01
8.396208817144585890e-01,-6.549397450159866185e-01
-8.264225381201419085e-02,3.724711530911681834e-01
-9.286870193295436726e-01,4.355128665771507146e-03
-5.882083094459195083e-01,7.873489956057579953e-01
1.943645492727609003e+00,2.553681539223682795e-01
1.521299403434700936e+00,-3.792184881236319582e-01
1.099107115606116292e+00,-5.362205472963501585e-01
1.774458484562370764e+00,-6.743960225698736322e-02
1.431602576699780638e+00,-4.134994579619157840e-01
1.346130046276812653e+00,-3.534433716350627863e-01
6.371218096629525096e-01,7.124288171598041064e-01
9.920131798374547394e-01,-4.219693771127888127e-01
7.217259866636847043e-01,-4.164828784101964332e-01
-9.312373284639003934e-01,3.524181722499955538e-01
6.886376793404923591e-01,6.238540578431103212e-01
1.788596204984671312e+00,7.999679242060002415e-02
-9.214592800669499928e-01,5.908039929425167314e-01
-8.815871613520992467e-01,4.221589436508474957e-01
8.052463330120605833e-02,-3.682341217340472095e-02
1.891165277231616482e-01,-1.436030762410228645e-01
6.068867261495221044e-01,-3.965245563602737833e-01
-9.024391639649985697e-01,2.050483228096246779e-01
1.891204863313595164e+00,3.223223278255947788e-01
8.444843532965652377e-01,6.687050209818652391e-01
1.973333812442528812e+00,6.894628604385574788e-02
3.382189290086059508e-01,-4.039962403747295872e-01
5.941325975561693173e-01,7.918105453304227215e-01
1.599705962067744069e+00,-2.206581151841703892e-01
-4.693426126456254899e-01,8.919000943424414407e-01
-1.587036892142208444e-01,9.905596913394475456e-01
1.002918806171342103e+00,-9.391109046707646346e-02
1.509617982834913441e+00,-4.354154202104222326e-01
3.238373500261381155e-01,-2.259243532720407455e-01
-7.529076250054287378e-01,6.904758164819950750e-01
1.228989153594263056e-01,-1.957674359754373872e-01
4.753931756111288154e-01,-5.439977869982097758e-01
-8.967882184450641503e-02,2.339196041415457783e-01
2.017649898222188209e+00,2.506155801847145814e-01
1.957577704624615444e+00,4.476543054742583849e-01
2.150754038762625331e-01,1.431190423524641986e-02
1.937888748622329960e+00,-2.426509528282576600e-01
-6.479342655066985257e-01,6.827846653942114541e-01
2.782801753707707659e-01,1.023680345477570919e+00
-8.210736926172120809e-01,5.384673364787735395e-01
9.537487560227351224e-01,2.064520504966501913e-01
1.812222580967760344e+00,-1.271044553470677130e-01
1.801170124427296404e+00,-1.187316582840678147e-01
-1.571924515917997867e-01,1.013799914408453295e+00
-9.080528887360438395e-01,2.533586756750684787e-01
1.013818969482393140e+00,3.698612533172633832e-01
9.744194903901864935e-02,1.059434274871847492e+00
5.286459641921097408e-01,8.898352010124983558e-01
2.332258576682652573e-01,9.734910186466175785e-01
1.951989491891437112e+00,2.889897808081928199e-01
-7.303370598891165688e-01,5.572191557834464959e-01
9.540203663144881940e-02,8.291554208465514719e-01
1.166411563477235180e+00,-5.030378673869129180e-01
6.091171887537992768e-01,7.318790443451637096e-01
1.965602881162903159e+00,2.069737272324626010e-01
3.450311810330688456e-01,-3.011107255304139585e-01
6.414003974310415745e-02,1.296692840466375785e-01
-7.521598908966785624e-01,7.300577656717327502e-01
1.800012576315257018e+00,-3.357317717104173205e-02
8.356761280615166987e-01,4.233672823422136577e-01
-2.569605117881595402e-01,8.768577923881736291e-01
-1.003398149137738393e+00,1.710770537436588912e-01
-7.542323868684553956e-01,5.342030668323376474e-01
4.365432331385511455e-01,-3.968733777462867263e-01
-1.939990827407518381e-01,9.083907927455732167e-01
-4.008528971905175875e-01,1.065306009237500184e+00
3.233305757988996776e-03,9.953703628623357114e-01
2.452666298125252275e-01,-2.897423169053019443e-01
1.542903266524683126e+00,-3.253243578984261752e-01
1.898528280916269795e+00,7.366476075917241517e-02
1.188256829913926366e-01,-8.951233974012238331e-03
3.540887569995602169e-01,-2.519915522046942691e-01
4.034551216178732247e-01,-2.752689915209347582e-01
7.489685569132179532e-01,2.643684270064450281e-01
-5.541601427335779428e-01,8.787171892852037036e-01
-1.385564311015947264e-02,2.593482251634335878e-01
1.937961060390098744e+00,5.116502151073808458e-01
6.782403383688194731e-01,8.187564233074285935e-01
1.502524609414407353e-01,1.865513082242214737e-01
-5.042948701799041533e-01,8.130101135942876533e-01
3.695483632028391530e-02,1.041455274217936600e+00
5.128107965233431598e-01,-3.946758903156126208e-01
5.624580793680638013e-01,7.303608295271027950e-01
1.903967530859684398e+00,3.688579583812212070e-01
2.583828915638566315e-01,-5.830261207508735666e-02
2.024925266598850637e+00,2.837254125138456429e-01
1.298766174854880440e+00,-4.301004318833418494e-01
5.900183477842189106e-01,6.210729058444859341e-01
-7.870397600675305139e-01,5.919750431470602869e-01
-2.813281458696396953e-02,1.429731686849930739e-01
1.481304792310362606e+00,-3.894618815248460653e-01
1.305915157344318955e-01,1.010990703048157524e+00
-7.393774301176464503e-01,5.722573118942378967e-01
-1.194924976165655295e+00,3.632228903008220544e-01
9.823969837869142019e-01,1.095795235747919760e-01
-1.652520861832012522e-01,9.323940088228188650e-01
-7.088597358315851249e-01,6.228357495415072220e-01
-9.126520748797263272e-01,-2.663809818523259904e-02
8.316247848254234576e-01,4.996355856373551063e-01
6.574827502778498589e-01,7.745370308370698176e-01
1.916400228436251213e-02,1.046981093180643141e+00
6.502073068058400462e-01,-3.777908379175635156e-01
1.665700269617075846e-01,1.057568687564919285e+00
1.800527327008970280e-02,2.060265322493630147e-01
-1.214028341428725899e-01,1.030934360032065289e+00
1.898091128136120798e+00,1.978231737958273118e-01
1.367795674706785980e-01,-2.011803556454163366e-01
1.946146717328798514e+00,2.525458960104925987e-01
1.861075908043319016e+00,6.664644272327586993e-02
2.138391801430738592e+00,4.332258046080469382e-01
4.045793303063559276e-02,1.850680021931788433e-01
7.949823480774722562e-01,5.439130398491266449e-01
9.082648879409881415e-01,-4.446895702214793133e-01
8.621619981490690199e-01,4.934616138218643200e-01
9.441946137771798364e-01,2.135586081896380106e-01
-9.105786893866077980e-01,6.795627335296619553e-02
-1.020890660141672512e+00,1.340300842288927596e-01
6.899946585340822613e-01,7.989663449763664271e-01
1.145913019841162672e+00,-3.815153610763146741e-01
9.060866747141711475e-01,-4.675096094993135831e-01
1.452886736573209547e-01,9.323367036003109565e-01
-1.045412167033555467e-01,9.145989895603897635e-01
8.040780582137810883e-01,4.841323265002479559e-01
7.265527007812265792e-01,6.431986574948835855e-01
1.954473996887505782e-01,9.384701636819324788e-01
-6.812060089683822373e-01,7.527463438026673614e-01
1.366709419711151341e+00,-5.659796268742555148e-01
-9.679753214736952494e-01,5.516490197575745213e-01
1.345395547878936116e+00,-4.404707312250270013e-01
8.811154787669647770e-02,-4.309510613312018262e-02
2.068438716688701384e-01,1.006058454591171269e+00
1.352602696312463215e-01,9.985906284116452536e-01
-9.615229032034031675e-01,2.972260998858866077e-01
6.806594715887497038e-02,1.936507020181727212e-01
1.573399578200986415e+00,-4.423554624110146438e-01
-3.094323607814526422e-01,9.221015520151959466e-01
1.955183497598130149e+00,3.672735254735348676e-02
1.811194947807984290e+00,-1.782212170629199621e-01
-7.489685789443870645e-01,6.293981486974363770e-01
1.217151086929642023e+00,2.751892982011593936e-01
1.812475493255904624e+00,3.214336004879136954e-03
1.781277351862365910e+00,-2.291666737059271930e-01
1.293724395600632349e+00,-4.078167331380839755e-01
4.782472138554310082e-01,-2.348419633957295471e-01
-1.039853123549599356e+00,2.007338880795803693e-01
8.888055327764696756e-01,4.238469498055382201e-01
3.200774361081276109e-01,-1.108591595506433214e-01
7.809087192936976507e-01,7.119068511011908962e-01
1.711055964081377390e+00,-1.118780652751759502e-01
1.806883713694818816e+00,-1.518197552844109399e-01
7.500921305302403752e-01,3.846421782988370119e-01
1.736033892682128821e+00,-6.808649538250208244e-02
3.830878811672427386e-01,8.573958703758285393e-01
1.803957216405011499e+00,-1.118423879071265004e-01
-2.667831901192250360e-02,8.364554408112867545e-01
-1.037346268181409847e+00,2.174487770811496801e-01
1.904050485158705008e+00,-4.791522053095092354e-02
1.374519547518807117e-01,1.338197627453744654e-01
4.699124014031759167e-01,9.298492258992747672e-01
1.292118632817688351e+00,-4.204592375540701643e-01
-8.453983816528123363e-01,4.212501404538815941e-01
7.749621577652240356e-01,-4.039774286332821762e-01
-9.446149561536113515e-01,5.595207914380648795e-01
9.094232288730814684e-01,-4.879930983133917710e-01
6.306157430056082147e-02,1.913431817854593930e-02
1.944433438117744828e+00,5.519768832248250767e-03
7.174623392490573348e-01,5.985194811119838310e-01
-8.502803160795462389e-01,5.464445623430478349e-01
-1.073444750204987974e+00,3.729516285713317947e-01
1.486506960890340512e+00,-2.845964675544190858e-01
2.135780417821171173e-01,9.376582430076407793e-01
1.142298466787735389e+00,1.661697437743089312e-01
-4.302927816555393581e-02,1.361093235025363779e-01
6.696216458153891882e-01,-4.182783104195692547e-01
2.842893893999989263e-01,-2.262660713393712109e-01
-9.796375967144574926e-01,-1.197125518933365440e-01
-2.618093671180800330e-03,2.721865672823154947e-01
1.067858428687727734e+00,3.187259266437488803e-01
1.153377614305749033e+00,-4.115443688752479234e-01
1.892943012075958276e+00,2.470784358763775668e-01
-9.489767454994700868e-01,1.945718423306604106e-03
-9.854998971625719140e-01,2.512456602795281602e-01
-7.983403144158723874e-01,3.736400108656615648e-01
4.944354885122762555e-01,-2.817291057393389586e-01
1.081089292290309534e-01,1.791504750193743112e-01
4.305313089947451766e-01,-3.799327233730027675e-01
-4.532629942260919531e-01,7.909394435596831530e-01
2.611353607593946968e-01,8.124910969239242942e-01
5.382688917697685538e-01,8.834569824618888623e-01
1.194337962681366827e+00,-6.769930085748355753e-01
9.914741073181163600e-01,3.993273019517802336e-01
1.057383070045101015e+00,4.885785888828459989e-01
1.536146017072530512e-01,-2.740132669454115044e-01
1.845579915443182895e+00,-1.933413586929702555e-01
1.951345714134625098e+00,3.090867632399741383e-01
1.633121368556129660e+00,-2.773948932150419600e-01
9.807224058222389074e-01,2.943416596586628242e-01
4.235317516016044448e-01,8.574729913581922158e-01
6.045612027938956912e-01,-3.671464657824098365e-01
6.198301999373505289e-02,1.026954293426042719e+00
-1.048486416735415316e+00,2.335306840593333599e-01
1.815177581129895135e+00,-4.873929577580304873e-02
7.412156719862748044e-01,-3.676496638889345525e-01
-2.702942838722534047e-01,1.019642330077620729e+00
-2.223039618274383900e-01,9.067132666571333655e-01
2.992765537580215907e-01,-2.251188720171518332e-01
3.621235254028400408e-01,-4.914316961392299898e-01
4.693733920565758000e-01,9.128108173939906145e-01
8.281903920183074641e-01,3.791687371331204370e-01
5.232277535304433735e-01,-3.781211169154089502e-01
1.071617028729814791e+00,-4.320427314628628723e-01
1.624817675803425621e+00,-2.573821491091215496e-01
5.235868953724606145e-01,8.647055659440305853e-01
7.343368093025615106e-02,1.060987864860624130e-01
9.484549876207308827e-01,2.328467519593293011e-01
-8.560534355484321622e-01,5.019574520714379373e-01
5.793913342478007600e-01,7.873876473436443035e-01
-7.646187257773719992e-01,5.908411001685499597e-01
-1.103213455872309678e+00,2.591612476530665843e-01
-1.123630639058766922e-01,6.127427160319613986e-01
9.170660893744730924e-01,-5.966580976862129182e-01
1.896771387806126086e+00,2.323787859035341408e-01
7.659104221672743962e-02,1.663952155348099593e-01
-7.250126414849157319e-01,6.962168337602572254e-01
9.966333759869107078e-01,-5.287157160967879271e-02
-9.542380590138264118e-01,3.366494391675465270e-01
-8.403122960493171201e-01,1.632546262870305243e-01
